[DEFAULT]
a = 5.026307
b = 5.026307
c = 13.784500
alpha = 90
beta = 90
gamma = 90
h1 = 1
k1 = 0
l1 = 0
h2 = -1
k2 = 2
l2 = 0
maxC1 = 19.9305
minC1 = 58.482
maxA1 = 39.861
minA1 = 116.964
maxC2 = -180
minC2 = 180
maxA2 = 6
minA2 = 120
maxC3 = 19.9305
minC3 = 58.482
maxA3 = 39.861
minA3 = 116.964
maxmu = -5
minmu = 5
maxnu = -5
minnu = 5
