[sample]
a = 5.026307
b = 5.026307
c = 13.784500
alpha = 90
beta = 90
gamma = 120
h1 = 1
k1 = 1
l1 = 0
h2 = 0
k2 = 0
l2 = 1
mos_sam_h = 50
mos_sam_v = 50

[BPP]
energy = 4.8
bp_h = 1
bp_k = 1
bp_l = 0
bp_c2 = 49.1953
bp_mu = 0
bp_nu = 0

[instrument]
div_1st_m = 1.2
div_2nd_h = 120
div_2nd_v = 200
div_3rd_h = 80
div_3rd_v = 200
div_4th_h = 120
div_4th_v = 200
d_mono = 3.355
d_ana = 3.355
mos_mono_h = 50
mos_mono_v = 50
mos_ana_h = 50
mos_ana_v = 50
maxc1 = 19.9305
minc1 = 58.482
maxa1 = 39.861
mina1 = 116.964
maxc2 = -180
minc2 = 180
maxa2 = 6
mina2 = 120
maxc3 = 19.9305
minc3 = 58.482
maxa3 = 39.861
mina3 = 116.964
maxmu = -5
minmu = 5
maxnu = -5
minnu = 5
eief = 1
blade_num = 7

[settings]
system = right
monochromator_radius = 800
monochromator_to_sample = 1600
sample_goniometer_radius = 350
sample_to_analyzer = 700
analyzer_radius = 250
analyzer_to_detector = 500
detector_radius = 300
floor_length = 4330
floor_width = 2375
floor_position_x = -1850
floor_position_y = 800
analyzer_width = 20

[option]
fig_spec = 0
fig_reso = 0
fig_reci = 0
calc_hf = 0

