[DEFAULT]
a = 5.026307
b = 5.026307
c = 13.784500
alpha = 90
beta = 90
gamma = 120
h1 = 1
k1 = 0
l1 = 0
h2 = 0
k2 = 1
l2 = 0
eief = 1
maxc1 = 19.9305
minc1 = 58.482
maxa1 = 39.861
mina1 = 116.964
maxc2 = -180
minc2 = 180
maxa2 = 6
mina2 = 120
maxc3 = 19.9305
minc3 = 58.482
maxa3 = 39.861
mina3 = 116.964
maxmu = -5
minmu = 5
maxnu = -5
minnu = 5
[settings]
system = right
monochromator_radius = 800
monochromator_to_sample = 1600
sample_goniometer_radius = 350
sample_to_analyzer = 700
analyzer_radius = 250
analyzer_to_detector = 500
detector_radius = 300
floor_length = 4330
floor_width= 2375
floor_position_x = -1850
floor_position_y = 800
