[DEFAULT]
a = 5.026307
b = 5.026307
c = 13.784500
alpha = 90
beta = 90
gamma = 120
h1 = 1
k1 = 0
l1 = 0
h2 = 0
k2 = 1
l2 = 0
maxc1 = 19.9305
minc1 = 58.482
maxa1 = 39.861
mina1 = 116.964
maxc2 = -180
minc2 = 180
maxa2 = 6
mina2 = 120
maxc3 = 19.9305
minc3 = 58.482
maxa3 = 39.861
mina3 = 116.964
maxmu = -5
minmu = 5
maxnu = -5
minnu = 5

